# Created by Octave 8.2.0, Tue Jun 06 19:59:06 2023 CEST <fl0@MacBook-Pro.local>
# name: file
# type: matrix
# rows: 100
# columns: 2
 70.641440700654215 318.66515004956551
 91.886447534172078 417.23810316147717
 36.188667146780915 135.67702098101975
 31.769820390869551 129.72636867525438
 8.8009494265506856 7.5709769868176195
 95.802306848540326 439.04373262139575
 55.681733895163234 231.79203151008051
 31.740767710575334 123.95528472341952
 71.75161469043843 325.7250542802974
 36.271359536978039 145.10483432536284
 93.681544057349427 431.79584484543881
 15.702349277049322 39.058585744743077
 54.752061318126842 239.92987292036818
 91.976487447250719 430.58983729316526
 63.200766644676378 287.32889053755162
 13.079946740530868 35.567416563842002
 89.507462176145864 412.76365952515278
 96.705319340933087 452.54187437022563
 54.110318464718077 223.89922860262243
 38.719991186987833 161.81041753553444
 92.987310225097204 419.16455952631583
 40.325962195484919 156.52633502994101
 35.364771636955439 134.6830081841548
 41.305205504679208 166.27196398445523
 97.271233704552898 447.22560768059856
 35.971782791460683 147.74565223265398
 5.431924924548226 -8.2204353138525939
 66.726458447458327 303.02993838732255
 62.90763723107252 269.48731911360812
 51.280544702835108 228.73971068866695
 55.916380938008601 243.43649471335391
 60.514906574667634 268.57940835958379
 68.98868604623523 303.11305745176736
 25.364985464387047 85.36895029451199
 38.345471553423479 163.16113904062635
 14.938503761762046 39.526625298915306
 27.530547087879441 90.742256184235146
 71.343003512622857 324.85768520111185
 99.095299072767233 465.45525999874422
 96.175850844452725 439.25304250598538
 19.516442903607246 63.386073592347465
 50.619624216500668 217.90317889090193
 26.189452735125339 86.632470231709163
 52.9279659036035 232.468985770579
 99.081078582976218 454.85402961466616
 30.74202562904097 122.62019835961608
 71.59562130842329 326.10973956047837
 45.736356215479965 195.11478916904323
 28.74195627614311 104.33107448917835
 15.419250387409388 48.574722499113392
 17.678012797170261 57.666170307051935
 10.741230255505519 9.6699303495616107
 97.113374104484265 448.80873952715234
 78.079381741784147 351.98091295349934
 12.048065601944725 18.268444863726863
 66.569337337349637 287.73660540355598
 39.835594536306196 152.39455206151058
 4.5765708642689029 -18.071928836977204
 81.922698453990293 365.00776799017274
 94.484539220008841 441.44560240896766
 31.683096047089254 127.58295758639838
 63.237884056802464 283.72966503630471
 19.513262124466301 63.727038729575035
 46.302442908785167 192.58869005265524
 92.62838180415099 428.93275369785033
 79.819126109969702 369.74168162425048
 95.576665463802385 444.5801451364145
 75.825745714403141 337.17083145572514
 28.739872868744033 103.88630873723312
 11.520218111566759 14.206883012627564
 31.023993724305733 124.58295187741564
 33.155628179235045 135.02470210589746
 82.436527109062681 369.46801391295605
 68.014726906668088 304.61639229460206
 63.279147232349878 271.53742942650246
 97.191859858017963 448.84992954402321
 19.126491741448227 52.824918619231227
 51.716938286947979 229.7419371112716
 36.919387167055916 151.91484091666285
 69.602488250277901 316.99177448059629
 70.542656570599604 315.19005095122191
 35.56570179213557 144.11301359604593
 83.100760368953516 376.92675661293237
 99.913200650090616 465.38985216554556
 71.323340020678444 322.69606465843464
 34.47641241376904 135.12418971257495
 93.398215834742729 420.54397757389808
 65.124767539965362 295.79106112103432
 36.19943506768324 153.18709627893321
 74.782541484781362 329.68369896889124
 84.412423277302892 387.69007442982002
 54.099036936506849 233.60524221531699
 74.192633862023172 335.72252791611794
 88.241720554619249 403.99056440876393
 26.925446165161627 91.854746744279169
 96.442038860964743 441.88187077265093
 44.602119274884835 178.2433503054333
 43.289473848593317 185.25394368661634
 38.750400641914453 157.56412944290602
 61.8305974615472 267.09043952415971


